1, 77
1, 114
2, 46
2, 145
3, 15
3, 176
6, 37
6, 154
9, 78
9, 113
10, 25
10, 166
11, 1
11, 190
12, 4
12, 187
13, 26
13, 165
14, 29
14, 162
15, 53
15, 138
16, 61
16, 130
18, 49
18, 142
21, 10
21, 181
22, 36
22, 155
24, 35
24, 156
27, 50
27, 141
31, 57
31, 134
33, 6
33, 185
34, 27
34, 164
35, 17
35, 174
36, 21
36, 170
37, 42
37, 149
44, 14
44, 177
45, 5
45, 186
47, 58
47, 133
48, 34
48, 157
49, 0
51, 88
51, 103
52, 82
52, 109
57, 11
57, 180
58, 47
58, 144
60, 69
60, 122
61, 56
61, 135
62, 85
62, 106
66, 95
66, 96
67, 30
67, 161
70, 60
70, 131
74, 87
74, 104
75, 66
75, 125
76, 16
76, 175
77, 94
77, 97
78, 45
78, 146
79, 71
79, 120
81, 75
81, 116
82, 63
82, 128
85, 81
85, 110
87, 18
87, 173
99, 44
99, 147
101, 93
101, 98
103, 65
103, 126
104, 40
104, 151
105, 73
105, 118
106, 86
106, 105
111, 90
111, 101
112, 43
112, 148
113, 89
113, 102
116, 54
116, 137
117, 64
117, 127
120, 52
120, 139
121, 59
121, 132
122, 20
122, 171
124, 32
124, 159
126, 68
126, 123
128, 19
128, 172
130, 70
130, 121
132, 12
132, 179
133, 80
133, 111
136, 39
136, 152
137, 51
137, 140
143, 2
143, 189
145, 9
145, 182
146, 84
146, 107
147, 3
147, 188
148, 23
148, 168
149, 72
149, 119
154, 55
154, 136
156, 38
156, 153
157, 7
157, 184
158, 13
158, 178
160, 48
160, 143
161, 79
161, 112
163, 28
163, 163
165, 24
165, 167
168, 8
168, 183
172, 62
172, 129
173, 67
173, 124
174, 92
174, 99
177, 74
177, 117
178, 22
178, 169
180, 83
180, 108
181, 41
181, 150
183, 91
183, 100
184, 76
184, 115
187, 33
187, 158
190, 31
190, 160